99999
697 
697
697 995 
697 995 
697 995 
995
249 571 697 995 
249 571 697 995 
249 571 697 995 
571
571
571 697 970 995 
571 697 970 995 
571 697 970 995 
571 697 995 
697
571
845
845
697 845 995 
697 845 995 
697 845 995 
845
102 697 845 995 
102 845 995 
102 845 995 
102 606 845 995 
606
606
102 606 845 
99999
99999
99999
102 257 606 845 
102
102 257 258 606 845 
102 257 258 606 845 
102 258 606 845 
606
102 258 606 738 845 
102 258 606 704 738 845 
102 258 606 704 738 845 
87 102 219 258 606 704 738 845 
99999
87 102 219 258 606 704 738 845 962 
67 87 102 219 258 606 704 738 845 962 
67 87 102 219 258 606 704 738 845 962 
99999
67 87 102 219 258 606 704 738 845 962 
219
67 87 102 219 258 378 606 704 845 962 
67
67 87 102 219 258 378 606 704 709 845 962 
67 87 102 219 258 378 606 704 709 845 962 
99999
